11 0.0026743264659270997 0.9033280507131536 0.2825871632329635 0.7908082408874801 0.3387480190174326 0.7543581616481775 0.3815372424722662 0.7305863708399366 0.4136684793900377 0.7206425938655446 0.415399142016455 0.7236593152438485 0.38273443358438103 0.7347684721212302 0.33899212837969067 0.7574917475522382 0.2833201035737211 0.793848988241851 0.0026743264659270997 0.9223454833597464
11 0.9226426307448494 0.9984152139461173 0.7051307448494453 0.7908082408874801 0.6440537487262306 0.7145517447502037 0.6291931154981799 0.6926379390844672 0.6170655529801833 0.691833457325396 0.6172465613759743 0.6897418047518112 0.6298266448834484 0.6907071828626967 0.6453933669214739 0.7130717757648726 0.7131537242472266 0.786053882725832 0.9422543581616482 0.9952456418383518
11 0.39223454833597465 0.9936608557844689 0.547732555931024 0.741950946187373 0.5559666699517622 0.7452039295042079 0.4064976228209191 0.9984152139461173
11 0.5711112383466717 0.7250930808184676 0.5831041996548019 0.7091024657409606 0.5848678704354092 0.7100430901572846 0.5726985420492183 0.7276014125953314
11 0.4595103548375479 0.7165964440632324 0.4907548585551838 0.7115468273007862 0.5146142977577423 0.7080120955670739 0.5501194156186923 0.7090220189195633 0.5490732890041625 0.7063866714923486 0.5142891938378397 0.7065751993925667 0.48784414032895784 0.7101099311262794 0.45972748687930204 0.7146896588518957
11 0.9982158786797503 0.8357617206858954 0.7711373773613167 0.7453104187756493 0.7729487787156459 0.7436461016284795 0.9941094506823159 0.8239003447826738
11 0.7048225298471231 0.7162088659635326 0.7433456562556071 0.7370633718984511 0.7436278890351073 0.7355709238081523 0.7057220305701256 0.7156739416102619
11 0.6667187290207625 0.6976044598092043 0.6958905382672491 0.7138699534496695 0.6958905382672491 0.7126912944902155 0.6670793242733892 0.6973983379506146
11 0.7721405040143412 0.724987087760298 0.7963931070721791 0.7296947449842878 0.7956957412340347 0.7309345064743227 0.7721431989002138 0.7263186606806794
11 0.9991079393398751 0.7897710377639012 0.8299993879619475 0.7448893335314765 0.830687243964498 0.7424436233001859 0.9936946575137288 0.7851216793372745
