11 0.004457210776545166 0.873217115689382 0.3415600243520198 0.743509421704172 0.3449881141045958 0.7464342313787639 0.0017828843106180664 0.8922345483359746
11 0.40706967895708807 0.7330529646485866 0.5298605785673977 0.7169446871763832 0.526736128195634 0.715833771488645 0.40956923925449895 0.729164759741503
11 0.6140269862663078 0.6932326278104705 0.625085202060716 0.6956468971457018 0.6501116904375347 0.7280670853616669 0.9199683042789224 1.0 0.9413629160063391 0.9873217115689382 0.6527996782275154 0.7268685134125299 0.6259835354242939 0.6950782550311758 0.6144889018629958 0.6919903139658199
11 0.37351426307448493 0.9968304278922345 0.4706814580031696 0.8494453248811411 0.5101936627348285 0.7981416539552981 0.5385977570235885 0.7638042599706637 0.5527998041679685 0.7476454863308358 0.5553561726539569 0.748655409683325 0.513318113106592 0.8036962323939888 0.4787044374009508 0.8573692551505546 0.39223454833597465 0.9968304278922345
11 0.5711955905683621 0.7272298905601451 0.5800868234292753 0.7173831335848532 0.5815444025868021 0.7194561350533357 0.5719777314667429 0.728897156254278
11 0.9170383586083853 0.7770839528199027 0.9973238180196253 0.8008722370898999 0.9983309079929594 0.7955010905654513 0.9190625181920286 0.7760305143055986
11 0.8112296385631261 0.745323199556266 0.866823814034618 0.7613249093216055 0.8673532823724418 0.7594423552315654 0.8119811122196626 0.7442423823964965
11 0.7525891251285589 0.728494585673302 0.7786638523613643 0.7360116241548316 0.7786638523613643 0.7339235579099622 0.7539047191155539 0.7280210245772593
11 0.6804350598736487 0.7080963709776578 0.6950570047452935 0.7114613532460872 0.71489208165594 0.7182800414412758 0.7416310803642148 0.7245142706483051 0.7415214943039349 0.7233453526719871 0.7155495980176189 0.7173059431276774 0.695385762926133 0.7104872549324888 0.6809697863597498 0.7075058108861407
11 0.6794929091447743 0.7154812355947374 0.7249212925300506 0.7341185210861327 0.7790859034894185 0.757932830325138 0.7788728628185178 0.7559678316709495 0.7253948654019682 0.7331739311327482 0.6797701356579631 0.7151864596221233
11 0.7957181088314005 0.7659827534939042 0.9973238180196253 0.8500346912478938 0.9896582616874422 0.8415761708750529 0.7981978164571983 0.7645182479390553
