11 0.7140451664025356 0.7797147385103012 0.9476030110935024 0.9984152139461173 0.9600832012678288 0.9936608557844689 0.7238510301109351 0.7781299524564183
11 0.687117316902507 0.7458383041872295 0.6450209537063826 0.7091023443846942 0.6406467231859135 0.6924386090686216 0.6387720529628553 0.682995825722847 0.6281489216988592 0.6818849100351091 0.6215875759181555 0.6818849100351091 0.6216259585329357 0.6828198337450053 0.628074237816008 0.6827515979853961 0.6382456307327589 0.683911605898753 0.6397415678880566 0.6929537149263286 0.643262736601539 0.7104813103001086 0.6862838853134652 0.7493449319952603
11 0.0017828843106180664 0.9318541996830428 0.29952456418383516 0.7892234548335975 0.30754754358161646 0.7892234548335975 0.004669992542521923 0.9414204717720852
11 0.42953930466469403 0.7294408311750817 0.4442242214119829 0.7261080841118671 0.44578644659786476 0.7294408311750817 0.4306757490115933 0.7323161199259558
11 0.4650220921129342 0.7165643670833439 0.4808512763248566 0.7132016333304269 0.4813490494132818 0.7165643670833439 0.46611719290746967 0.7202810728102524
11 0.4986163415517818 0.7059016758629271 0.5025518052771041 0.6981279203561176 0.5047381740133943 0.6981279203561176 0.500802710288072 0.7071973017807287
11 0.5476110656145629 0.691173320475153 0.5653317875625011 0.6917042784361399 0.5655308967978712 0.6938281102800875 0.5476110656145629 0.6938281102800875
11 0.5921102095203163 0.6915239481770753 0.6025864139571242 0.6891096788418438 0.6072425048179277 0.6877300963645687 0.6084065275331285 0.6856607226486563 0.6089628677974955 0.6857097670230883 0.6076029249290433 0.6882373376068781 0.6027813093045308 0.6901055419514186 0.5917163196021239 0.6929627956548337
11 0.3913431061806656 0.9984152139461173 0.4599841521394612 0.8938193343898574 0.5027733755942948 0.8288431061806656 0.5455625990491283 0.7591125198098257 0.5647554470638083 0.7317892611985346 0.5723166169634762 0.7140701559791107 0.5778156496177802 0.7049051015552709 0.5809088554858262 0.7055161051835269 0.5747224437497342 0.7171251741203907 0.5681923424727483 0.7360662865963267 0.5503204863462605 0.7629504462395902 0.508122028526149 0.8367670364500792 0.46622424722662437 0.9017432646592709 0.40828050713153724 0.9984152139461173
11 0.8367528991971455 0.759639211021905 0.9964317573595004 0.8278322925958964 0.9973238180196253 0.8183169788878977 0.8383666806727704 0.758542393688521
11 0.8278322925958964 0.7326791555159085 0.9964317573595004 0.7818416096739023 0.9954488771629058 0.7771788457235419 0.8297843760905782 0.7299557607724274 0.828619545747366 0.7313363004384567
